[[ 1.62434536]
 [-0.61175641]
 [-0.52817175]
 [-1.07296862]
 [ 0.86540763]
 [-2.3015387 ]
 [ 1.74481176]
 [-0.7612069 ]
 [ 0.3190391 ]
 [-0.24937038]
 [ 1.46210794]
 [-2.06014071]
 [-0.3224172 ]
 [-0.38405435]
 [ 1.13376944]
 [-1.09989127]
 [-0.17242821]
 [-0.87785842]
 [ 0.04221375]
 [ 0.58281521]
 [-1.10061918]
 [ 1.14472371]
 [ 0.90159072]
 [ 0.50249434]
 [ 0.90085595]
 [-0.68372786]
 [-0.12289023]
 [-0.93576943]
 [-0.26788808]
 [ 0.53035547]
 [ 4.30833925]
 [ 4.60324647]
 [ 4.3128273 ]
 [ 4.15479436]
 [ 4.32875387]
 [ 4.9873354 ]
 [ 3.88268965]
 [ 5.2344157 ]
 [ 6.65980218]
 [ 5.74204416]
 [ 4.80816445]
 [ 4.11237104]
 [ 4.25284171]
 [ 6.6924546 ]
 [ 5.05080775]
 [ 4.36300435]
 [ 5.19091548]
 [ 7.10025514]
 [ 5.12015895]
 [ 5.61720311]
 [ 5.30017032]
 [ 4.64775015]
 [ 3.8574818 ]
 [ 4.65065728]
 [ 4.79110577]
 [ 5.58662319]
 [ 5.83898341]
 [ 5.93110208]
 [ 5.28558733]
 [ 5.88514116]
 [ 4.24560206]
 [ 6.25286816]
 [ 5.51292982]
 [ 4.70190716]
 [ 5.48851815]
 [ 4.92442829]
 [ 6.13162939]
 [ 6.51981682]
 [ 7.18557541]
 [ 3.60350366]
 [ 3.55588619]
 [ 4.49553414]
 [ 5.16003707]
 [ 5.87616892]
 [ 5.31563495]
 [ 2.97779878]
 [ 4.69379599]
 [ 5.82797464]
 [ 5.23009474]
 [ 5.76201118]
 [ 4.77767186]
 [ 4.79924193]
 [ 5.18656139]
 [ 5.41005165]
 [ 5.19829972]
 [ 5.11900865]
 [ 4.32933771]
 [ 5.37756379]
 [ 5.12182127]
 [ 6.12948391]
 [ 6.19891788]
 [ 5.18515642]
 [ 4.62471505]
 [ 4.36126959]
 [ 5.42349435]
 [ 5.07734007]
 [ 4.65614632]
 [ 5.04359686]
 [ 4.37999916]
 [ 5.69803203]]